0
15.19
30.379999999999995
45.56999999999999
60.75999999999999
75.94999999999999
91.13999999999999
106.32999999999998
121.51999999999998
136.70999999999998
151.89999999999998
167.08999999999997
182.27999999999997
197.46999999999997
212.65999999999997
227.84999999999997
243.03999999999996
258.22999999999996
273.41999999999996
288.60999999999996
303.79999999999995
318.98999999999995
334.17999999999995
349.36999999999995
364.55999999999995
379.74999999999994
394.93999999999994
410.12999999999994
425.31999999999994
440.50999999999993
455.69999999999993
470.88999999999993
486.0799999999999
501.2699999999999
516.46
531.6500000000001
546.8400000000001
562.0300000000002
577.2200000000003
592.4100000000003
607.6000000000004
622.7900000000004
637.9800000000005
653.1700000000005
668.3600000000006
683.5500000000006
698.7400000000007
713.9300000000007
729.1200000000008
744.3100000000009
759.5000000000009
774.690000000001
789.880000000001
805.0700000000011
820.2600000000011
835.4500000000012
850.6400000000012
865.8300000000013
881.0200000000013
896.2100000000014
911.4000000000015
926.5900000000015
